8	26	0.000446255
8	14	-0.000254512
8	72	0.000224552
8	75	2.01016e-05
14	42	7.86651e-05
14	29	-0.069095
14	8	-0.000254512
14	72	-0.00595703
14	75	-0.0268541
26	72	-2.61342e-06
26	8	0.000446255
26	75	0.00010849
29	42	0.000447106
29	35	-0.000259474
29	14	-0.069095
29	72	-0.0200603
29	75	-0.0968337
35	29	-0.000259474
37	75	0.00051647
42	72	-0.000317406
42	29	0.000447106
42	14	7.86651e-05
42	75	-0.000188061
72	26	-2.61342e-06
72	14	-0.00595703
72	8	0.000224552
72	42	-0.000317406
72	29	-0.0200603
72	75	-0.0220176
75	29	-0.0968337
75	14	-0.0268541
75	8	2.01016e-05
75	26	0.00010849
75	42	-0.000188061
75	37	0.00051647
75	72	-0.0220176
