2	28	0.000580864
2	5	0.000302228
2	3	0.000734933
2	4	0.000358743
2	17	0.000270838
2	11	0.000673985
2	53	0.000693429
2	44	-0.0022931
2	41	-2.2344e-05
2	48	0.000366933
2	74	-0.00165762
2	56	0.00107233
2	55	0.000332569
2	80	0.000114863
2	77	0.000248759
2	85	0.000424177
3	2	0.000734933
3	5	0.000260042
4	41	-2.42294e-05
4	18	0.000331529
4	15	0.000325537
4	6	0.000134225
4	2	0.000358743
4	5	0.000333111
4	11	0.000608558
4	17	0.000341595
4	28	0.00043788
4	24	0.000431553
4	20	0.000175831
4	25	0.000213194
4	35	0.000171337
4	29	0.000120492
4	54	0.000246232
4	47	-0.000105105
4	44	0.000371379
4	48	0.00012066
4	74	-0.00537651
4	59	0.000198383
4	55	0.0012613
4	56	0.000922364
4	63	9.61901e-05
4	68	4.74299e-05
4	80	0.000121906
4	77	0.000320876
4	85	0.000820422
4	86	-0.000112427
5	32	0.000190871
5	17	0.000208193
5	11	0.000159571
5	4	0.000333111
5	2	0.000302228
5	3	0.000260042
5	6	-4.04276e-06
5	15	7.08118e-05
5	24	7.09477e-05
5	20	-3.04113e-05
5	18	7.32773e-05
5	21	0.000239085
5	28	0.000117041
5	25	2.45829e-05
5	29	0.000109164
5	54	-1.44125e-06
5	47	-5.9037e-05
5	41	0.000283456
5	35	0.000237027
5	44	0.00125268
5	48	-3.73276e-05
5	74	-0.00340537
5	59	6.57175e-06
5	55	0.000289964
5	56	0.00017402
5	63	-7.89698e-05
5	68	-1.20558e-05
5	80	-5.26012e-05
5	77	1.3488e-05
5	85	0.00017169
5	86	-6.64427e-06
6	41	0.000183737
6	17	0.000265281
6	7	0.000394754
6	4	0.000134225
6	5	-4.04276e-06
6	15	0.000374395
6	24	0.000453462
6	20	0.00027903
6	18	0.000376434
6	29	0.000283109
6	25	0.000336154
6	35	0.0002775
6	63	4.8529e-05
6	54	0.000302994
6	48	0.000194354
6	44	-0.00116238
6	59	0.0002423
6	55	9.85332e-05
6	60	0.00077931
6	77	5.76887e-05
6	74	-0.00289689
6	68	0.000147937
6	85	0.000223453
6	80	-8.61353e-06
7	44	-1.75896e-05
7	6	0.000394754
7	74	8.60084e-05
9	20	0.000794194
9	47	0.000261855
11	41	8.40187e-05
11	5	0.000159571
11	2	0.000673985
11	4	0.000608558
11	28	0.000910197
11	17	0.000457013
11	74	-0.00164786
11	55	0.000647644
11	44	-0.00236564
11	56	0.00159991
11	80	0.000304662
11	77	0.000371177
11	85	0.000746469
12	41	0.000214547
12	31	0.000916302
12	20	0.000639731
12	53	0.000908814
12	44	0.0010142
12	86	3.52337e-05
12	74	-0.00108181
15	41	0.000242004
15	24	0.000897298
15	17	0.000282105
15	5	7.08118e-05
15	4	0.000325537
15	6	0.000374395
15	18	0.000710465
15	20	0.00053277
15	29	0.000538607
15	25	0.00065282
15	35	0.000597903
15	55	0.000341781
15	48	0.000402314
15	44	-0.00304494
15	54	0.000634387
15	74	-0.00331607
15	63	0.000260944
15	59	0.000509229
15	68	0.000230265
15	80	0.000102569
15	77	0.000235754
15	85	0.000520555
17	25	0.000191007
17	11	0.000457013
17	5	0.000208193
17	2	0.000270838
17	4	0.000341595
17	6	0.000265281
17	20	8.06558e-05
17	18	0.000286963
17	15	0.000282105
17	24	0.000284353
17	54	0.000205066
17	40	5.1867e-05
17	29	0.000561626
17	28	0.000373203
17	35	0.000480943
17	47	-0.000181679
17	44	-0.00053126
17	41	0.000718959
17	48	6.50467e-05
17	68	0.000182169
17	58	-2.04948e-05
17	56	0.00062409
17	55	0.000323892
17	62	9.97547e-05
17	59	8.62123e-05
17	63	-8.03748e-05
17	80	0.000238895
17	74	-0.00539781
17	77	0.000236465
17	85	0.000621479
17	86	5.62089e-05
18	41	0.000250706
18	24	0.000901205
18	15	0.000710465
18	5	7.32773e-05
18	4	0.000331529
18	6	0.000376434
18	17	0.000286963
18	20	0.000536187
18	29	0.000541952
18	25	0.000656418
18	35	0.000601347
18	55	0.000348407
18	48	0.000404843
18	44	-0.00298119
18	54	0.000637378
18	74	-0.00348478
18	63	0.000266065
18	59	0.000512103
18	68	0.000232422
18	80	0.000106313
18	77	0.000239515
18	85	0.000524961
20	35	0.000415897
20	17	8.06558e-05
20	9	0.000794194
20	5	-3.04113e-05
20	4	0.000175831
20	6	0.00027903
20	12	0.000639731
20	15	0.00053277
20	25	0.000468695
20	24	0.000708936
20	18	0.000536187
20	31	0.000791461
20	29	0.000357972
20	53	0.00076754
20	44	-0.00163256
20	41	-1.22914e-05
20	48	0.000300218
20	63	5.58803e-05
20	55	0.000116028
20	54	0.000458613
20	59	0.000402397
20	80	-1.62277e-05
20	74	-0.00469891
20	68	0.000200602
20	77	0.000116708
20	85	0.000325338
20	86	-3.51974e-05
21	41	9.53675e-05
21	40	0.000855309
21	5	0.000239085
21	47	0.000246525
21	44	0.000632817
21	74	-0.0009627
24	41	0.000408808
24	18	0.000901205
24	15	0.000897298
24	5	7.09477e-05
24	4	0.000431553
24	6	0.000453462
24	17	0.000284353
24	29	0.000649427
24	25	0.000824046
24	20	0.000708936
24	35	0.000773328
24	68	0.000306121
24	54	0.000822162
24	48	0.000535364
24	44	-0.00370499
24	59	0.000632894
24	55	0.000430506
24	63	0.000457994
24	80	0.000135199
24	74	-0.00457553
24	77	0.00026789
24	85	0.00120837
25	41	7.88429e-05
25	18	0.000656418
25	6	0.000336154
25	4	0.000213194
25	5	2.45829e-05
25	15	0.00065282
25	17	0.000191007
25	29	0.000475892
25	24	0.000824046
25	20	0.000468695
25	35	0.000533318
25	68	0.000189815
25	54	0.000578301
25	48	0.000354895
25	44	-0.000133622
25	59	0.000455352
25	55	0.000217541
25	58	0.000745332
25	63	0.000366883
25	80	3.23761e-05
25	74	-0.00547105
25	77	0.000165221
25	85	0.000437955
28	41	-6.60892e-05
28	5	0.000117041
28	2	0.000580864
28	4	0.00043788
28	17	0.000373203
28	11	0.000910197
28	62	0.000900681
28	55	0.000466021
28	44	-0.00124372
28	48	0.000449732
28	59	0.00130365
28	56	0.00140695
28	77	0.000306287
28	74	-0.00358467
28	80	0.000172762
28	85	0.000603155
29	41	0.00061101
29	18	0.000541952
29	6	0.000283109
29	4	0.000120492
29	5	0.000109164
29	15	0.000538607
29	17	0.000561626
29	25	0.000475892
29	24	0.000649427
29	20	0.000357972
29	35	0.000422786
29	59	0.000340822
29	54	0.000868527
29	47	0.000165189
29	44	-0.000629875
29	48	0.000305276
29	55	0.00012928
29	77	0.000124231
29	68	0.000137594
29	63	6.61232e-05
29	74	-0.00443045
29	85	0.000334149
29	80	0.000193225
31	44	0.00140028
31	20	0.000791461
31	12	0.000916302
31	74	-0.00179076
31	53	0.00104917
31	86	4.06723e-05
32	40	0.000800562
32	5	0.000190871
32	44	-8.49116e-05
34	60	0.000670301
34	44	-0.0001646
34	74	-0.000308992
34	80	0.000382406
35	41	0.00058708
35	18	0.000601347
35	6	0.0002775
35	4	0.000171337
35	5	0.000237027
35	15	0.000597903
35	17	0.000480943
35	25	0.000533318
35	24	0.000773328
35	20	0.000415897
35	29	0.000422786
35	68	0.000198984
35	54	0.000523692
35	48	0.000365643
35	44	0.000406606
35	59	0.000400242
35	55	0.00017838
35	63	0.000119361
35	80	4.82865e-05
35	74	-0.00538023
35	77	0.000113886
35	85	0.000389356
35	86	-3.60132e-05
40	47	0.00045542
40	32	0.000800562
40	17	5.1867e-05
40	21	0.000855309
40	41	0.000351131
40	44	-0.00103514
40	62	0.000863408
40	58	0.000890572
40	74	-5.72807e-05
40	63	-2.72184e-05
40	80	0.000236404
41	29	0.00061101
41	17	0.000718959
41	11	8.40187e-05
41	5	0.000283456
41	2	-2.2344e-05
41	4	-2.42294e-05
41	6	0.000183737
41	15	0.000242004
41	12	0.000214547
41	24	0.000408808
41	20	-1.22914e-05
41	18	0.000250706
41	21	9.53675e-05
41	25	7.88429e-05
41	28	-6.60892e-05
41	59	5.09152e-05
41	54	0.000157278
41	44	0.000655172
41	40	0.000351131
41	35	0.00058708
41	48	6.62614e-05
41	47	-4.20411e-05
41	56	0.000400342
41	55	-4.18689e-05
41	58	3.36292e-05
41	77	3.96843e-05
41	68	2.08121e-05
41	63	-0.000151993
41	62	0.000181679
41	74	-0.00723911
41	85	0.000491123
41	80	0.000246001
41	86	8.23055e-06
44	34	-0.0001646
44	17	-0.00053126
44	7	-1.75896e-05
44	5	0.00125268
44	2	-0.0022931
44	4	0.000371379
44	6	-0.00116238
44	12	0.0010142
44	11	-0.00236564
44	15	-0.00304494
44	25	-0.000133622
44	20	-0.00163256
44	18	-0.00298119
44	24	-0.00370499
44	21	0.000632817
44	31	0.00140028
44	28	-0.00124372
44	29	-0.000629875
44	32	-8.49116e-05
44	56	-0.00419437
44	47	0.00117603
44	40	-0.00103514
44	35	0.000406606
44	41	0.000655172
44	53	0.00122331
44	48	-0.00222498
44	54	-0.00330708
44	55	0.0012754
44	63	-0.000993452
44	59	-0.00235935
44	58	0.000632769
44	62	-0.000414961
44	60	-0.00028661
44	80	-0.00469723
44	74	-0.0563218
44	68	-0.00285065
44	77	-0.00479642
44	86	0.00071304
44	85	-0.00538942
44	89	0.000634469
47	40	0.00045542
47	17	-0.000181679
47	5	-5.9037e-05
47	4	-0.000105105
47	9	0.000261855
47	29	0.000165189
47	21	0.000246525
47	54	0.000115985
47	44	0.00117603
47	41	-4.20411e-05
47	49	0.000599858
47	58	0.000200031
47	55	-7.03019e-05
47	74	-0.000441701
47	63	6.81423e-06
47	62	0.0001787
47	80	0.00021207
47	86	1.15753e-05
48	35	0.000365643
48	17	6.50467e-05
48	6	0.000194354
48	4	0.00012066
48	2	0.000366933
48	5	-3.73276e-05
48	15	0.000402314
48	24	0.000535364
48	20	0.000300218
48	18	0.000404843
48	28	0.000449732
48	25	0.000354895
48	29	0.000305276
48	55	0.000143724
48	44	-0.00222498
48	41	6.62614e-05
48	54	0.000397256
48	68	0.000118813
48	62	0.000549931
48	59	0.000809406
48	60	0.000435848
48	63	4.67116e-05
48	77	7.42268e-05
48	74	-0.00317744
48	85	0.000298625
48	80	8.16937e-06
49	74	-5.75663e-05
49	47	0.000599858
53	31	0.00104917
53	12	0.000908814
53	2	0.000693429
53	20	0.00076754
53	56	0.000768682
53	44	0.00122331
53	74	-0.00249475
53	86	3.30582e-05
54	41	0.000157278
54	20	0.000458613
54	15	0.000634387
54	5	-1.44125e-06
54	4	0.000246232
54	6	0.000302994
54	17	0.000205066
54	18	0.000637378
54	29	0.000868527
54	24	0.000822162
54	25	0.000578301
54	35	0.000523692
54	68	0.00022595
54	55	0.000261207
54	47	0.000115985
54	44	-0.00330708
54	48	0.000397256
54	59	0.00043616
54	63	0.000183379
54	80	0.000499014
54	74	-0.00284399
54	77	0.000160908
54	85	0.000444423
55	41	-4.18689e-05
55	17	0.000323892
55	11	0.000647644
55	5	0.000289964
55	2	0.000332569
55	4	0.0012613
55	6	9.85332e-05
55	15	0.000341781
55	24	0.000430506
55	20	0.000116028
55	18	0.000348407
55	29	0.00012928
55	25	0.000217541
55	28	0.000466021
55	35	0.00017838
55	54	0.000261207
55	47	-7.03019e-05
55	44	0.0012754
55	48	0.000143724
55	74	-0.00565541
55	59	0.000148098
55	56	0.000863195
55	63	7.38869e-05
55	68	9.67634e-06
55	80	0.000123714
55	77	0.000322367
55	85	0.000810651
55	86	-0.000131462
56	44	-0.00419437
56	17	0.00062409
56	5	0.00017402
56	2	0.00107233
56	4	0.000922364
56	11	0.00159991
56	28	0.00140695
56	41	0.000400342
56	63	-0.000208286
56	53	0.000768682
56	55	0.000863195
56	80	0.000324126
56	74	-0.00358851
56	77	0.000591723
56	85	0.00107028
56	86	3.32123e-05
58	62	0.00108188
58	40	0.000890572
58	17	-2.04948e-05
58	25	0.000745332
58	44	0.000632769
58	41	3.36292e-05
58	47	0.000200031
58	74	-0.003016
58	63	-0.00017446
58	80	0.000196097
59	41	5.09152e-05
59	18	0.000512103
59	15	0.000509229
59	5	6.57175e-06
59	4	0.000198383
59	6	0.0002423
59	17	8.62123e-05
59	25	0.000455352
59	24	0.000632894
59	20	0.000402397
59	29	0.000340822
59	28	0.00130365
59	35	0.000400242
59	55	0.000148098
59	48	0.000809406
59	44	-0.00235935
59	54	0.00043616
59	63	0.000132702
59	60	0.000498347
59	62	0.000667783
59	77	0.000105812
59	74	-0.00440215
59	68	0.00016564
59	85	0.000324096
59	80	3.99268e-05
60	44	-0.00028661
60	34	0.000670301
60	6	0.00077931
60	59	0.000498347
60	48	0.000435848
60	74	-0.00120602
60	63	6.29438e-05
60	80	0.000284199
62	47	0.0001787
62	28	0.000900681
62	17	9.97547e-05
62	41	0.000181679
62	40	0.000863408
62	44	-0.000414961
62	58	0.00108188
62	48	0.000549931
62	74	-0.000998138
62	63	-4.77041e-05
62	59	0.000667783
62	80	0.000288751
63	40	-2.72184e-05
63	20	5.58803e-05
63	15	0.000260944
63	5	-7.89698e-05
63	4	9.61901e-05
63	6	4.8529e-05
63	17	-8.03748e-05
63	18	0.000266065
63	29	6.61232e-05
63	24	0.000457994
63	25	0.000366883
63	35	0.000119361
63	54	0.000183379
63	47	6.81423e-06
63	41	-0.000151993
63	44	-0.000993452
63	48	4.67116e-05
63	60	6.29438e-05
63	56	-0.000208286
63	55	7.38869e-05
63	58	-0.00017446
63	59	0.000132702
63	74	-6.79723e-05
63	68	0.000772426
63	62	-4.77041e-05
63	85	-1.63569e-05
63	77	0.000343836
63	80	0.000211753
63	86	0.000452254
68	41	2.08121e-05
68	18	0.000232422
68	6	0.000147937
68	4	4.74299e-05
68	5	-1.20558e-05
68	15	0.000230265
68	17	0.000182169
68	25	0.000189815
68	24	0.000306121
68	20	0.000200602
68	35	0.000198984
68	29	0.000137594
68	63	0.000772426
68	54	0.00022595
68	44	-0.00285065
68	48	0.000118813
68	55	9.67634e-06
68	59	0.00016564
68	77	-2.1859e-05
68	74	0.000882894
68	85	0.000141814
68	80	0.000181185
74	44	-0.0563218
74	20	-0.00469891
74	11	-0.00164786
74	5	-0.00340537
74	2	-0.00165762
74	4	-0.00537651
74	7	8.60084e-05
74	6	-0.00289689
74	17	-0.00539781
74	15	-0.00331607
74	12	-0.00108181
74	18	-0.00348478
74	31	-0.00179076
74	25	-0.00547105
74	24	-0.00457553
74	21	-0.0009627
74	29	-0.00443045
74	28	-0.00358467
74	40	-5.72807e-05
74	35	-0.00538023
74	34	-0.000308992
74	41	-0.00723911
74	62	-0.000998138
74	53	-0.00249475
74	48	-0.00317744
74	47	-0.000441701
74	49	-5.75663e-05
74	58	-0.003016
74	55	-0.00565541
74	54	-0.00284399
74	56	-0.00358851
74	59	-0.00440215
74	60	-0.00120602
74	85	-0.00454461
74	77	0.00134715
74	68	0.000882894
74	63	-6.79723e-05
74	80	-0.000150967
74	88	0.000776264
74	86	0.000214339
74	89	-0.000131344
77	28	0.000306287
77	15	0.000235754
77	5	1.3488e-05
77	2	0.000248759
77	4	0.000320876
77	11	0.000371177
77	6	5.76887e-05
77	24	0.00026789
77	18	0.000239515
77	17	0.000236465
77	20	0.000116708
77	25	0.000165221
77	54	0.000160908
77	41	3.96843e-05
77	35	0.000113886
77	29	0.000124231
77	44	-0.00479642
77	48	7.42268e-05
77	68	-2.1859e-05
77	56	0.000591723
77	55	0.000322367
77	63	0.000343836
77	59	0.000105812
77	80	0.000352139
77	74	0.00134715
77	85	0.000552775
80	41	0.000246001
80	24	0.000135199
80	15	0.000102569
80	5	-5.26012e-05
80	2	0.000114863
80	4	0.000121906
80	11	0.000304662
80	6	-8.61353e-06
80	18	0.000106313
80	17	0.000238895
80	20	-1.62277e-05
80	34	0.000382406
80	28	0.000172762
80	25	3.23761e-05
80	29	0.000193225
80	40	0.000236404
80	35	4.82865e-05
80	56	0.000324126
80	54	0.000499014
80	47	0.00021207
80	44	-0.00469723
80	48	8.16937e-06
80	55	0.000123714
80	62	0.000288751
80	59	3.99268e-05
80	58	0.000196097
80	60	0.000284199
80	74	-0.000150967
80	68	0.000181185
80	63	0.000211753
80	77	0.000352139
80	85	0.000756943
85	28	0.000603155
85	15	0.000520555
85	5	0.00017169
85	2	0.000424177
85	4	0.000820422
85	11	0.000746469
85	6	0.000223453
85	24	0.00120837
85	18	0.000524961
85	17	0.000621479
85	20	0.000325338
85	25	0.000437955
85	54	0.000444423
85	41	0.000491123
85	35	0.000389356
85	29	0.000334149
85	44	-0.00538942
85	48	0.000298625
85	63	-1.63569e-05
85	56	0.00107028
85	55	0.000810651
85	59	0.000324096
85	74	-0.00454461
85	68	0.000141814
85	77	0.000552775
85	80	0.000756943
86	35	-3.60132e-05
86	17	5.62089e-05
86	5	-6.64427e-06
86	4	-0.000112427
86	12	3.52337e-05
86	31	4.06723e-05
86	20	-3.51974e-05
86	53	3.30582e-05
86	44	0.00071304
86	41	8.23055e-06
86	47	1.15753e-05
86	63	0.000452254
86	55	-0.000131462
86	56	3.32123e-05
86	88	6.18832e-05
86	74	0.000214339
86	89	0.000327908
88	74	0.000776264
88	86	6.18832e-05
89	74	-0.000131344
89	44	0.000634469
89	86	0.000327908
