24	123	0.000227972
24	84	0.000130157
24	59	6.69883e-06
24	78	0.000278716
24	98	-0.00271338
24	94	-3.7982e-05
24	101	5.71982e-05
24	140	0.000103587
24	135	-0.00689738
24	156	4.08417e-06
59	123	9.01674e-05
59	98	8.01376e-05
59	24	6.69883e-06
59	135	-0.000171141
78	98	0.00019372
78	24	0.000278716
78	135	-0.00109111
84	94	0.000210227
84	24	0.000130157
84	135	-7.93221e-05
84	98	-0.000242645
88	98	0.000102261
94	84	0.000210227
94	24	-3.7982e-05
94	135	0.000113604
94	98	-0.000268418
98	101	0.000163069
98	84	-0.000242645
98	59	8.01376e-05
98	24	-0.00271338
98	78	0.00019372
98	88	0.000102261
98	94	-0.000268418
98	140	-1.55597e-05
98	135	-0.133884
98	123	-0.000126001
98	139	0.000102261
98	153	-0.00017661
98	151	-0.000213518
98	156	-8.23165e-05
101	98	0.000163069
101	24	5.71982e-05
101	135	-0.000142339
123	59	9.01674e-05
123	24	0.000227972
123	135	-0.000170098
123	98	-0.000126001
135	123	-0.000170098
135	78	-0.00109111
135	24	-0.00689738
135	59	-0.000171141
135	94	0.000113604
135	84	-7.93221e-05
135	98	-0.133884
135	101	-0.000142339
135	156	-6.99663e-05
135	151	6.3392e-05
135	153	0.000238381
135	182	-3.76125e-06
139	98	0.000102261
140	98	-1.55597e-05
140	24	0.000103587
140	156	0.00015123
151	135	6.3392e-05
151	98	-0.000213518
151	180	0.000181545
153	98	-0.00017661
153	135	0.000238381
156	98	-8.23165e-05
156	24	4.08417e-06
156	140	0.00015123
156	135	-6.99663e-05
180	151	0.000181545
182	183	0.000211716
182	135	-3.76125e-06
183	182	0.000211716
